row_num;nmac1;nmac2;nmac3;nmac4;nmac5;nmac6
0;2042;2044;2239;2239;1859;1851
1;2041;2045;2226;2219;1856;1843
2;2044;2045;2233;2235;1855;1856
3;2043;2044;2232;2272;1855;1859
4;2044;2056;2231;2219;1856;1856
5;2040;2044;2224;2227;1859;1860
6;2041;2043;2222;2240;1856;1872
7;2044;2044;2232;2219;1856;1847
8;2041;2044;2236;2240;1872;1871
9;2042;2056;2217;2224;1857;1857
10;2041;2044;2224;2224;1867;1855
11;2056;2043;2228;2240;1888;1874
12;2044;2045;2217;2219;1859;1857
13;2043;2043;2224;2210;1874;1863
14;2042;2056;2221;2225;1864;1888
15;2041;2045;2224;2224;1875;1858
16;2041;2045;2221;2211;1888;1874
17;2044;2048;2217;2215;1865;1888
18;2039;2046;2208;2208;1875;1871
19;2042;2041;2215;2205;1888;1888
20;2043;2045;2224;2206;1875;1887
21;2041;2043;2190;2197;1888;1875
22;2044;2045;2201;2207;1891;1888
23;2041;2046;2208;2208;1875;1899
24;2040;2041;2181;2179;1904;1898
25;2040;2044;2192;2194;1911;1896
26;2041;2045;2184;2175;1898;1906
27;2044;2042;2173;2171;1911;1918
28;2039;2044;2168;2177;1918;1915
29;2041;2056;2171;2165;1915;1910
30;2040;2044;2167;2162;1923;1925
31;2041;2043;2155;2165;1920;1936
32;2044;2045;2157;2167;1927;1919
33;2045;2043;2160;2146;1936;1935
34;2044;2056;2145;2149;1919;1952
35;2042;2045;2160;2160;1943;1936
36;2041;2045;2145;2144;1952;1939
37;2044;2044;2137;2135;1943;1952
38;2043;2045;2111;2144;1968;1959
39;2041;2056;2123;2118;1963;1984
40;2043;2016;2128;2128;1963;1964
41;2041;2043;2116;2120;1984;1970
42;2044;2044;2120;2115;1971;1969
43;2043;2042;2111;2112;1970;1971
44;2044;2056;2113;2113;1971;1984
45;2043;2047;2108;2110;1975;1970
46;2041;2045;2112;2113;1984;1970
47;2044;2044;2121;2123;1968;1969
48;2043;2045;2111;2112;1970;1967
49;2044;2041;2113;2115;1960;1984
50;2042;2044;2128;2130;1967;1959
51;2056;2043;2120;2120;1984;1968
52;2044;2044;2125;2123;1952;1955
53;2041;2045;2111;2144;1968;1963
54;2041;2056;2123;2125;1963;1984
55;2040;2044;2128;2128;1959;1956
56;2041;2045;2125;2129;1984;1970
57;2044;2042;2121;2127;1965;1960
58;2039;2041;2111;2144;1968;1959
59;2044;2041;2125;2122;1953;1984
60;2041;2044;2113;2130;1971;1954
61;2041;2043;2126;2123;1984;1968
62;2044;2048;2121;2127;1950;1965
63;2041;2042;2111;2144;1970;1963
64;2064;2041;2129;2125;1965;1952
65;2042;2044;2130;2128;1959;1957
66;2041;2043;2121;2123;1984;1970
67;2044;2048;2121;2131;1959;1952
68;2041;2043;2111;2144;1968;1963
69;2044;2041;2121;2120;1960;1984
70;2040;2044;2128;2130;1967;1955
71;2041;2047;2127;2120;1984;1970
72;2044;2048;2121;2119;1966;1984
73;2043;2043;2104;2144;1970;1971
74;2041;2056;2115;2111;1984;1984
75;2043;2046;2109;2099;1979;1977
76;2041;2043;2099;2112;1984;1971
77;2044;2044;2105;2111;1979;1984
78;2041;2046;2104;2112;1982;1991
79;2042;2056;2097;2096;1987;2016
80;2043;2044;2096;2098;1995;1988
81;2041;2047;2091;2088;2016;2000
82;2044;2045;2089;2095;1989;1990
83;2043;2043;2096;2112;2000;1991
84;2044;2056;2093;2085;1992;2016
85;2042;2044;2096;2096;1995;1991
86;2041;2045;2090;2096;2016;2000
87;2044;2044;2089;2091;1991;1995
88;2043;2044;2088;2112;2000;1995
89;2044;2041;2089;2090;1995;2016
90;2043;2044;2096;2096;1995;1989
91;2041;2043;2088;2091;2016;2000
92;2044;2044;2089;2095;1992;1985
93;2043;2045;2096;2112;2000;1991
94;2044;2041;2091;2088;1987;2016
95;2040;2047;2096;2098;1995;1987
96;2041;2043;2094;2096;2016;1983
97;2044;2044;2093;2091;1986;1992
98;2043;2043;2084;2112;2000;1995
99;2044;2041;2091;2096;1992;2016
100;2042;2045;2096;2096;1991;1986
101;2056;2043;2093;2093;2016;2000
102;2044;2044;2089;2099;1990;1985
103;2041;2043;2100;2112;2000;1991
104;2042;2056;2089;2088;1989;2016
105;2043;2044;2096;2098;1995;1989
106;2041;2043;2093;2089;2016;2000
107;2044;2044;2089;2087;1988;1993
108;2041;2043;2096;2112;2000;1999
109;2044;2041;2091;2096;2000;2016
110;2040;2045;2096;2096;1995;1992
111;2041;2045;2088;2089;2016;2002
112;2044;2044;2089;2087;2002;2000
113;2043;2045;2084;2080;2002;2003
114;2041;2041;2079;2074;2016;2016
115;2042;2046;2065;2066;2027;2048
116;2041;2045;2093;2057;2024;2032
117;2044;2044;2057;2055;2048;2043
118;2043;2043;2040;2036;2064;2051
119;2041;2041;2035;2048;2050;2048
120;2043;2045;2032;2034;2059;2058
121;2041;2045;2021;2019;2080;2066
122;2044;2036;2025;2023;2060;2064
123;2043;2043;2024;2020;2066;2071
124;2041;2056;2013;2048;2080;2080
125;2041;2044;2009;2011;2071;2069
126;2041;2043;2010;2016;2080;2096
127;2045;2042;1997;1999;2087;2088
128;2043;2042;1983;2016;2096;2091
129;2042;2041;1995;1993;2091;2112
130;2040;2044;2000;2000;2095;2088
131;2041;2043;1992;1995;2084;2096
132;2044;2041;1993;1999;2087;2088
133;2041;2043;1983;2016;2096;2087
134;2040;2041;1997;1998;2081;2080
135;2042;2044;2001;2002;2087;2083
136;2041;2043;1996;1995;2085;2096
137;2044;2048;1997;2003;2078;2080
138;2041;2043;1983;2016;2096;2087
139;2044;2041;1999;1997;2082;2080
140;2042;2045;2004;2003;2079;2069
141;2041;2043;2011;2016;2080;2074
142;2044;2044;2009;2011;2073;2080
143;2041;2043;2016;2016;2067;2067
144;2042;2041;2019;2048;2067;2080
145;2042;2044;2032;2010;2071;2065
146;2041;2043;2013;2017;2080;2066
147;2040;2044;2025;2023;2064;2064
148;2041;2044;2016;2016;2067;2067
149;2041;2056;2019;2048;2057;2080
150;2042;2048;2032;2032;2067;2059
151;2041;2047;2017;2019;2080;2066
152;2044;2045;2025;2023;2057;2057
153;2041;2042;2032;2022;2066;2063
154;2041;2041;2019;2048;2065;2080
155;2042;2045;2032;2032;2063;2056
156;2041;2043;2024;2024;2080;2066
157;2044;2044;2024;2019;2065;2064
158;2043;2042;2016;2018;2066;2063
159;2041;2056;2021;2048;2064;2080
160;2041;2044;2032;2014;2075;2066
161;2041;2045;2012;2016;2080;2066
162;2044;2048;2025;2019;2067;2080
163;2041;2045;2016;2016;2074;2075
164;2041;2041;2007;2048;2072;2080
165;2043;2047;2032;2011;2079;2073
166;2041;2043;2008;2003;2080;2075
167;2044;2044;2009;2011;2074;2080
168;2043;2046;1983;2016;2096;2083
169;2044;2057;2001;1995;2088;2084
170;2041;2045;2000;2002;2087;2081
171;2041;2045;2000;2000;2084;2096
172;2044;2045;1993;1995;2091;2088
173;2043;2044;1983;2016;2096;2091
174;2040;2041;1995;1994;2089;2112
175;2041;2046;2000;2000;2099;2091
176;2041;2043;1988;1990;2112;2096
177;2044;2044;1993;1995;2090;2091
178;2041;2043;1983;2016;2098;2099
179;2042;2056;1985;1988;2096;2112
180;2042;2044;2000;2000;2099;2093
181;2041;2045;1984;1985;2112;2098
182;2044;2044;1981;1991;2093;2089
183;2041;2043;1983;2016;2098;2095
184;2044;2056;1989;1986;2093;2112
185;2042;2044;2000;2000;2091;2080
186;2041;2043;2000;2000;2083;2096
187;2044;2042;1997;1999;2084;2085
188;2043;2043;1983;2016;2096;2083
189;2040;2041;2003;2003;2081;2080
190;2041;2044;2000;2002;2091;2083
191;2041;2045;1995;1996;2081;2079
192;2044;2044;1997;2003;2083;2085
193;2039;2045;1983;2016;2098;2091
194;2042;2041;1993;1992;2088;2084
195;2042;2045;2000;2002;2091;2088
196;2041;2043;1992;1989;2112;2098
197;2044;2044;1993;1991;2090;2088
198;2043;2044;1983;2016;2098;2099
199;2041;2056;1987;1984;2112;2112
200;2042;2046;1984;2000;2099;2089
201;2041;2045;1987;1988;2112;2098
202;2044;2042;1981;1987;2100;2112
203;2039;2042;1981;2016;2099;2099
204;2042;2041;1985;1983;2112;2112
205;2041;2044;1976;1975;2111;2104
206;2041;2045;1976;1984;2112;2099
207;2044;2044;1977;1987;2102;2112
208;2041;2043;1976;1984;2110;2115
209;2044;2056;1971;1972;2112;2112
210;2041;2045;1974;1971;2115;2106
211;2041;2043;1972;1969;2144;2111
212;2046;2048;1965;1975;2110;2112
213;2041;2042;1976;1984;2110;2115
214;2042;2056;1971;1968;2115;2112
215;2042;2046;1970;1970;2115;2104
216;2041;2045;1971;1984;2112;2107
217;2044;2044;1976;1975;2111;2112
218;2043;2044;1972;1984;2106;2107
219;2040;2041;1975;1977;2112;2112
220;2042;2047;1969;1968;2115;2107
221;2041;2043;1970;1984;2112;2099
222;2044;2044;1977;1983;2104;2112
223;2043;2044;1973;1984;2107;2107
224;2041;2056;1975;1975;2112;2112
225;2043;2044;1984;1983;2103;2100
226;2041;2045;1978;1984;2112;2099
227;2044;2044;1997;1987;2096;2096
228;2043;2043;1983;2016;2098;2103
229;2044;2056;1981;1976;2112;2112
230;2041;2044;1980;1983;2099;2091
231;2041;2043;1987;1992;2112;2098
232;2044;2044;1992;1987;2098;2112
233;2041;2040;1981;2016;2098;2095
234;2042;2056;1989;1988;2096;2112
235;2042;2044;1984;1982;2103;2097
236;2041;2043;1934;1985;2112;2098
237;2044;2044;1993;1991;2092;2097
238;2041;2043;1983;1984;2099;2103
239;2041;2056;1985;1985;2096;2112
240;2041;2044;2000;2000;2099;2096
241;2041;2045;1982;1984;2112;2099
242;2044;2064;1977;1983;2100;2112
243;2043;2042;1982;1984;2099;2107
244;2042;2056;1975;1971;2112;2112
245;2041;2045;1974;1971;2107;2100
246;2041;2043;1979;1984;2112;2099
247;2040;2044;1977;1979;2105;2112
248;2043;2043;1980;1984;2099;2099
249;2044;2041;1987;1987;2112;2112
250;2041;2044;1982;1979;2107;2099
251;2041;2047;1978;1984;2112;2098
252;2045;2046;1993;1991;2097;2112
253;2043;2045;1980;1984;2106;2107
254;2044;2056;1977;1978;2112;2112
255;2040;2044;1985;2000;2103;2096
256;2041;2041;1980;1985;2112;2099
257;2044;2048;1981;1991;2093;2089
258;2041;2045;1983;2016;2098;2099
259;2042;2041;1979;1979;2112;2112
260;2042;2044;1976;1979;2103;2096
261;2041;2043;1982;1985;2112;2099
262;2044;2044;1977;1979;2108;2112
263;2043;2044;1976;1984;2103;2103
264;2044;2041;1979;1982;2112;2112
265;2043;2044;1980;1971;2111;2103
266;2041;2043;1976;1984;2112;2098
267;2044;2044;1992;1991;2096;2112
268;2043;2043;1980;1984;2099;2107
269;2041;2045;1979;1979;2112;2112
270;2043;2044;1983;1983;2103;2101
271;2041;2043;1976;1984;2144;2110
272;2044;2048;1977;1975;2105;2112
273;2041;2042;1976;1984;2110;2115
274;2042;2056;1967;1963;2120;2144
275;2042;2045;1968;1970;2115;2108
276;2041;2043;1972;1971;2144;2128
277;2044;2044;1961;1959;2125;2123
278;2041;2044;1957;1984;2130;2119
279;2041;2056;1963;1962;2121;2144
280;2041;2045;1952;1968;2139;2128
281;2041;2045;1952;1953;2144;2128
282;2044;2045;1961;1959;2125;2131
283;2043;2044;1952;1952;2139;2139
284;2040;2056;1943;1946;2144;2144
285;2041;2044;1952;1947;2139;2139
286;2041;2043;1936;1919;2144;2160
287;2044;2044;1933;1943;2143;2144
288;2043;2044;1952;1952;2142;2147
289;2041;2045;1935;1928;2149;2152
290;2042;2044;1926;1938;2155;2142
291;2045;2043;1937;1936;2150;2160
292;2044;2044;1929;1927;2153;2160
293;2043;2045;1919;1952;2160;2155
294;2041;2056;1927;1931;2160;2152
295;2040;2045;1936;1915;2163;2160
296;2041;2043;1921;1919;2150;2160
297;2044;2042;1929;1935;2154;2157
298;2041;2045;1924;1922;2162;2159
299;2044;2056;1923;1923;2153;2150
300;2040;2044;1936;1936;2163;2161
301;2041;2045;1914;1915;2169;2163
302;2044;2044;1913;1919;2161;2160
303;2041;2045;1917;1917;2163;2179
304;2041;2056;1905;1904;2175;2208
305;2041;2044;1904;1907;2179;2167
306;2041;2041;1912;1909;2176;2192
307;2044;2039;1897;1895;2185;2175
308;2043;2043;1892;1899;2192;2179
309;2044;2041;1907;1905;2175;2208
310;2043;2044;1904;1904;2195;2181
311;2041;2043;1896;1904;2168;2167
312;2044;2044;1913;1923;2169;2173
313;2041;2045;1908;1906;2192;2175
314;2044;2045;1909;1913;2160;2156
315;2041;2044;1924;1936;2163;2163
316;2041;2043;1913;1917;2170;2163
317;2044;2041;1917;1923;2155;2153
318;2043;2043;1928;1923;2162;2167
319;2044;2056;1921;1916;2171;2164
320;2043;2045;1916;1918;2167;2153
321;2056;2043;1922;1917;2158;2171
322;2044;2045;1912;1911;2174;2171
323;2043;2043;1912;1915;2163;2159
324;2042;2041;1923;1915;2163;2174
325;2041;2044;1904;1906;2179;2177
326;2041;2043;1902;1919;2166;2162
327;2044;2044;1928;1919;2167;2173
328;2043;2041;1904;1897;2175;2187
329;2044;2056;1901;1913;2171;2161
330;2041;2045;1917;1914;2179;2176
331;2041;2043;1899;1896;2208;2192
332;2044;2044;1897;1911;2172;2170
333;2043;2042;1912;1910;2192;2183
334;2041;2041;1899;1889;2175;2208
335;2043;2044;1904;1906;2179;2174
336;2041;2043;1903;1907;2208;2194
337;2044;2045;1897;1891;2192;2175
338;2043;2043;1892;1894;2192;2179
339;2044;2056;1899;1902;2175;2208
340;2041;2044;1888;1883;2199;2192
341;2041;2043;1889;1896;2208;2192
342;2044;2044;1901;1903;2183;2175
343;2043;2043;1892;1888;2195;2199
344;2042;2025;1883;1889;2175;2208
345;2042;2045;1904;1904;2199;2198
346;2041;2043;1880;1872;2208;2206
347;2044;2044;1880;1883;2194;2208
348;2043;2043;1888;1888;2207;2211
349;2044;2056;1873;1855;2216;2208
350;2040;2045;1872;1875;2195;2193
351;2041;2043;1884;1890;2208;2199
352;2044;2044;1881;1887;2196;2175
353;2043;2043;1892;1888;2192;2191
354;2042;2041;1889;1891;2175;2208
355;2043;2046;1879;1883;2211;2198
356;2041;2045;1865;1874;2208;2202
357;2044;2044;1880;1875;2205;2224
358;2043;2045;1855;1888;2226;2223
359;2042;2041;1861;1863;2217;2208
360;2042;2044;1872;1872;2215;2224
361;2041;2043;1853;1859;2240;2226
362;2044;2045;1865;1875;2212;2208
363;2041;2042;1888;1888;2203;2215
364;2041;2041;1867;1865;2211;2240
365;2042;2044;1872;1875;2215;2200
366;2041;2043;1880;1873;2208;2224
367;2044;2042;1865;1867;2209;2216
368;2041;2043;1855;1888;2203;2203
369;2044;2056;1881;1879;2208;2208
370;2042;2044;1872;1874;2211;2205
371;2041;2041;1874;1880;2208;2195
372;2040;2044;1881;1883;2204;2209
373;2041;2045;1855;1888;2224;2215
374;2042;2041;1867;1872;2209;2208
375;2042;2044;1873;1874;2215;2216
376;2041;2043;1864;1859;2240;2226
377;2044;2044;1864;1867;2217;2217
378;2043;2043;1855;1888;2226;2223
379;2040;2056;1857;1849;2224;2240
380;2042;2044;1852;1872;2223;2220
381;2041;2043;1857;1864;2240;2226
382;2044;2048;1864;1851;2224;2240
383;2041;2042;1852;1856;2226;2227
384;2042;2056;1857;1863;2240;2240
385;2042;2044;1857;1850;2231;2220
386;2041;2045;1857;1856;2240;2226
387;2040;2044;1865;1871;2225;2224
388;2041;2045;1855;1856;2227;2223
389;2042;2056;1859;1852;2216;2240
390;2042;2045;1855;1872;2231;2231
391;2041;2045;1848;1856;2272;2226
392;2044;2048;1849;1851;2225;2240
393;2041;2046;1849;1856;2227;2243
394;2041;2045;1843;1848;2240;2240
395;2043;2047;1853;1872;2219;2207
396;2041;2043;1864;1865;2208;2226
397;2044;2045;1853;1867;2225;2224
398;2043;2043;1855;1856;2227;2227
399;2044;2041;1851;1850;2224;2272
400;2042;2044;1840;1843;2243;2232
401;2041;2043;1848;1856;2240;2226
402;2044;2044;1853;1851;2224;2240
403;2041;2044;1844;1856;2227;2231
404;2044;2056;1855;1859;2224;2240
405;2043;2044;1860;1855;2223;2224
406;2041;2043;1856;1857;2240;2226
407;2044;2041;1864;1867;2219;2213
408;2043;2044;1855;1858;2226;2227
409;2044;2041;1851;1855;2225;2240
410;2041;2045;1854;1872;2227;2211
411;2041;2043;1864;1856;2240;2226
412;2044;2048;1849;1859;2224;2240
413;2041;2041;1848;1888;2226;2219
414;2040;2056;1865;1854;2240;2240
415;2015;2044;1852;1851;2223;2233
416;2041;2043;1843;1859;2240;2224
417;2045;2048;1865;1863;2232;2224
418;2043;2042;1855;1856;2224;2235
419;2044;2056;1845;1850;2224;2240
420;2041;2045;1872;1874;2235;2224
421;2041;2043;1849;1856;2210;2224
422;2044;2048;1864;1859;2222;2225
423;2043;2043;1855;1888;2224;2223
424;2042;2041;1855;1843;2224;2208
425;2042;2045;1872;1872;2223;2237
426;2041;2043;1841;1864;2240;2224
427;2044;2045;1865;1851;2236;2219
428;2041;2042;1855;1888;2224;2239
429;2044;2041;1845;1855;2240;2240
430;2040;2046;1852;1847;2243;2229
431;2041;2043;1849;1857;2240;2238
432;2044;2044;1848;1847;2239;2248
433;2043;2043;1840;1856;2256;2243
434;2041;2056;1839;1834;2240;2272
435;2043;2044;1840;1840;2247;2252
436;2041;2045;1826;1832;2272;2256
437;2044;2044;1833;1831;2245;2250
438;2043;2043;1848;1828;2256;2263
439;2041;2041;1821;1827;2259;2272
440;2042;2044;1840;1840;2251;2248
441;2041;2045;1825;1827;2272;2259
442;2045;2045;1821;1831;2258;2251
443;2041;2042;1828;1829;2256;2251
444;2044;2041;1827;1825;2243;2272
445;2043;2044;1828;1842;2251;2246
446;2041;2043;1833;1840;2272;2238
447;2044;2044;1837;1831;2241;2251
448;2041;2043;1832;1856;2258;2263
449;2040;2056;1825;1833;2248;2240
450;2042;2044;1841;1823;2255;2249
451;2041;2043;1825;1835;2272;2259
452;2044;2048;1817;1835;2248;2240
453;2041;2043;1846;1828;2259;2255
454;2042;2056;1825;1823;2241;2272
455;2042;2044;1817;1840;2255;2242
456;2041;2047;1837;1835;2272;2256
457;2044;2044;1833;1827;2242;2256
458;2043;2043;1828;1856;2256;2251
459;2041;2041;1833;1837;2256;2272
460;2042;2044;1840;1823;2251;2249
461;2041;2043;1827;1832;2272;2256
462;2044;2044;1833;1843;2249;2243
463;2043;2045;1840;1828;2256;2247
464;2041;2041;1835;1833;2240;2272
465;2040;2046;1840;1843;2247;2242
466;2041;2043;1839;1833;2272;2239
467;2044;2045;1837;1839;2235;2244
468;2041;2042;1840;1856;2256;2243
469;2042;2041;1837;1834;2243;2272
470;2042;2045;1840;1842;2239;2242
471;2041;2045;1836;1843;2272;2256
472;2044;2048;1837;1839;2242;2240
473;2041;2016;1844;1856;2231;2247
474;2042;2041;1835;1840;2243;2272
475;2043;2045;1840;1842;2251;2235
476;2041;2043;1844;1835;2240;2256
477;2041;2048;1833;1839;2239;2250
478;2041;2042;1840;1856;2256;2243
479;2042;2041;1841;1833;2240;2272
480;2043;2045;1840;1842;2243;2251
481;2041;2043;1830;1840;2272;2256
482;2041;2044;1848;1839;2239;2242
483;2043;2044;1840;1831;2239;2259
484;2041;2041;1825;1836;2250;2272
485;2041;2045;1840;1842;2251;2238
486;2041;2045;1836;1829;2272;2258
487;2044;2044;1832;1839;2245;2249
488;2043;2044;1840;1856;2256;2243
489;2041;2056;1835;1825;2248;2272
490;2041;2045;1824;1840;2251;2251
491;2041;2043;1829;1840;2272;2256
492;2044;2044;1833;1827;2251;2256
493;2043;2042;1824;1824;2256;2259
494;2044;2041;1827;1832;2256;2272
495;2042;2045;1840;1840;2259;2251
496;2041;2043;1822;1824;2272;2258
497;2045;2048;1821;1835;2252;2251
498;2043;2045;1832;1824;2258;2259
499;2044;2041;1821;1820;2250;2272
500;2042;2045;1820;1840;2259;2251
501;2041;2043;1825;1827;2272;2258
502;2044;2044;1832;1823;2249;2256
503;2043;2042;1824;1824;2258;2259
504;2040;2056;1825;1825;2259;2272
505;2042;2045;1824;1819;2255;2256
506;2041;2041;1818;1827;2272;2258
507;2040;2044;1821;1831;2257;2256
508;2041;2043;1824;1824;2258;2259
509;2041;2041;1819;1822;2251;2272
510;2041;2044;1821;1840;2263;2254
511;2041;2045;1823;1824;2272;2258
512;2044;2044;1832;1827;2247;2257
513;2041;2044;1824;1829;2258;2259
514;2044;2041;1825;1837;2256;2272
515;2042;2044;1840;1840;2247;2256
516;2041;2043;1818;1829;2272;2258
517;2044;2044;1821;1831;2256;2248
518;2043;2043;1840;1824;2256;2259
519;2044;2057;1823;1825;2251;2272
520;2042;2044;1820;1840;2259;2243
521;2041;2043;1859;1827;2272;2256
522;2045;2044;1832;1831;2246;2257
523;2043;2044;1824;1856;2258;2247
524;2044;2056;1833;1846;2248;2272
525;2042;2045;1840;1823;2251;2256
526;2041;2043;1822;1833;2272;2256
527;2044;2044;1833;1839;2245;2243
528;2043;2045;1840;1826;2256;2259
529;2044;2056;1825;1832;2248;2272
530;2042;2045;1840;1842;2251;2242
531;2041;2043;1826;1828;2272;2258
532;2044;2044;1832;1839;2243;2248
533;2043;2042;1840;1856;2256;2243
534;2044;2041;1839;1832;2243;2272
535;2042;2045;1840;1840;2247;2245
536;2041;2043;1832;1841;2272;2239
537;2044;2044;1837;1839;2242;2248
538;2045;2046;1840;1856;2239;2251
539;2043;2041;1835;1842;2243;2272
540;2042;2044;1840;1840;2247;2241
541;2041;2043;1832;1835;2272;2256
542;2045;2044;1833;1851;2238;2240
543;2043;2043;1844;1856;2256;2243
544;2042;2056;1835;1835;2240;2272
545;2042;2047;1840;1843;2243;2238
546;2041;2043;1842;1856;2272;2235
547;2044;2044;1849;1839;2229;2240
548;2041;2044;1844;1856;2227;2243
549;2044;2056;1843;1847;2240;2240
550;2041;2045;1849;1843;2231;2227
551;2041;2043;1850;1856;2240;2227
552;2045;2048;1849;1859;2232;2240
553;2045;2044;1852;1856;2226;2227
554;2044;2056;1853;1852;2218;2240
555;2040;2044;1849;1872;2231;2224
556;2041;2045;1856;1856;2240;2226
557;2044;2044;1864;1859;2212;2240
558;2041;2043;1855;1888;2226;2227
559;2044;2056;1859;1862;2216;2208
560;2042;2044;1872;1872;2211;2213
561;2041;2043;1865;1867;2208;2224
562;2041;2044;1865;1879;2203;2200
563;2041;2043;1888;1888;2194;2203
564;2041;2056;1879;1881;2196;2208
565;2041;2080;1884;1904;2191;2178
566;2041;2041;1899;1899;2174;2192
567;2044;2048;1897;1903;2175;2175
568;2041;2043;1904;1910;2167;2163
569;2042;2056;1921;1919;2161;2161
570;2043;2044;1913;1918;2163;2163
571;2041;2043;1915;1919;2153;2160
572;2044;2044;1929;1935;2147;2147
573;2041;2044;1936;1952;2160;2151
574;2041;2056;1927;1938;2144;2144
575;2042;2045;1942;1947;2139;2129
576;2041;2047;1946;1944;2144;2131
577;2044;2044;1945;1955;2120;2123
578;2043;2046;1960;1984;2128;2119
579;2042;2041;1963;1957;2122;2144
580;2040;2045;1968;1968;2115;2115
581;2041;2043;1960;1969;2115;2110
582;2044;2044;1965;1967;2114;2123
583;2043;2043;1956;1954;2128;2123
584;2041;2056;1961;1963;2120;2144
585;2040;2045;1968;1968;2131;2128
586;2041;2043;1949;1952;2144;2130
587;2044;2048;1960;1963;2122;2128
588;2043;2045;1952;1952;2131;2135
589;2044;2056;1947;1948;2128;2144
590;2048;2045;1968;1968;2131;2129
591;2041;2043;1947;1952;2144;2131
592;2044;2040;1945;1947;2125;2129
593;2043;2045;1952;1952;2130;2135
594;2044;2041;1945;1945;2144;2144
595;2042;2045;1946;1946;2131;2128
596;2041;2043;1947;1952;2144;2131
597;2044;2044;1945;1955;2133;2131
598;2043;2042;1952;1952;2130;2131
599;2040;2041;1951;1953;2123;2144
600;2041;2044;1948;1951;2139;2129
601;2041;2043;1950;1952;2144;2130
602;2045;2044;1961;1959;2121;2144
603;2041;2043;1952;1952;2131;2135
604;2042;2041;1949;1948;2130;2144
605;2040;2045;1956;1951;2127;2137
606;2041;2045;1944;1952;2144;2131
607;2040;2044;1949;1951;2131;2120
608;2041;2044;1968;1984;2128;2139
609;2042;2056;1939;1945;2125;2144
610;2042;2044;1952;1968;2135;2119
611;2041;2043;1961;1955;2144;2130
612;2044;2044;1945;1947;2123;2131
613;2043;2043;1956;1984;2130;2131
614;2044;2041;1955;1951;2128;2144
615;2043;2045;1968;1939;2131;2128
616;2041;2043;1950;1966;2144;2130
617;2041;2048;1961;1963;2115;2113
618;2043;2043;1968;1984;2128;2119
619;2041;2041;1963;1975;2112;2144
620;2041;2044;1969;1971;2111;2104
621;2041;2045;1976;1970;2112;2107
622;2045;2044;1977;1983;2094;2112
623;2043;2042;1973;1984;2099;2107
624;2042;2056;1975;1973;2112;2112
625;2040;2044;1974;1978;2103;2104
626;2041;2043;1977;1984;2112;2107
627;2044;2044;1977;1975;2100;2112
628;2043;2043;1977;1984;2098;2103
629;2041;2041;1979;1979;2112;2112
630;2040;2045;1978;1979;2099;2096
631;2041;2045;1984;1992;2112;2098
632;2044;2044;1993;1991;2096;2096
633;2041;2046;1983;1984;2098;2099
634;2044;2056;1983;1987;2088;2112
635;2042;2045;1982;2000;2103;2096
636;2041;2045;1985;1984;2112;2098
637;2044;2044;1981;1987;2087;2112
638;2041;2043;1976;1984;2099;2107
639;2044;2041;1981;1980;2112;2112
640;2042;2044;1988;1979;2091;2100
641;2041;2043;1974;1984;2112;2103
642;2044;2044;1981;1991;2096;2088
643;2041;2043;1983;2016;2096;2099
644;2041;2041;1981;1981;2090;2112
645;2041;2047;1977;2000;2099;2087
646;2041;2041;1993;1993;2112;2096
647;2044;2048;1993;1987;2087;2112
648;2043;2045;1980;2016;2096;2095
649;2042;2056;1993;1996;2088;2084
650;2042;2045;2000;2000;2087;2089
651;2041;2045;1988;1995;2080;2096
652;2044;2044;2008;2015;2073;2069
653;2043;2043;2016;2016;2066;2067
654;2044;2056;2015;2048;2051;2080
655;2043;2045;2032;2035;2051;2048
656;2041;2045;2035;2036;2042;2035
657;2044;2044;2041;2051;2048;2029
658;2043;2045;2052;2080;2032;2035
659;2041;2056;2047;2053;2028;2024
660;2041;2045;2006;2064;2023;2048
661;2041;2045;2059;2061;2016;2032
662;2044;2045;2057;2067;2048;2019
663;2043;2043;2080;2080;2011;2007
664;2042;2056;2073;2072;2003;2016
665;2041;2045;2072;2075;2003;2001
666;2041;2043;2077;2085;2016;2000
667;2044;2048;2093;2095;1989;1995
668;2041;2043;2088;2080;2000;2003
669;2041;2041;2081;2085;1993;2016
670;2043;2047;2096;2096;1999;1995
671;2041;2045;2081;2080;2016;2003
672;2044;2044;2073;2083;1994;2000
673;2041;2043;2084;2084;2002;2007
674;2044;2041;2075;2072;2016;2016
675;2043;2044;2069;2067;2007;2048
676;2041;2043;2072;2080;2016;2032
677;2044;2042;2072;2067;2048;2024
678;2043;2045;2080;2080;2011;2019
679;2041;2041;2047;2062;2016;2026
680;2041;2045;2064;2064;2031;2048
681;2041;2043;2056;2056;2020;2032
682;2044;2044;2057;2063;2048;2032
683;2043;2043;2052;2080;2032;2039
684;2042;2041;2047;2050;2025;2020
685;2042;2044;2064;2064;2027;2048
686;2041;2043;2048;2047;2028;2034
687;2044;2044;2056;2059;2048;2024
688;2043;2042;2080;2080;2032;2031
689;2041;2056;2047;2048;2027;2031
690;2041;2044;2048;2064;2023;2048
691;2041;2043;2060;2064;2020;2032
692;2044;2045;2057;2051;2048;2032
693;2043;2043;2052;2080;2032;2027
694;2042;2041;2047;2061;2024;2027
695;2042;2044;2054;2064;2035;2048
696;2041;2045;2050;2049;2018;2032
697;2044;2043;2057;2063;2048;2029
698;2043;2043;2056;2080;2034;2031
699;2042;2056;2047;2058;2016;2016
700;2042;2045;2068;2066;2015;2048
701;2041;2043;2056;2059;2018;2032
702;2044;2042;2057;2071;2048;2008
703;2043;2045;2080;2080;2003;2015
704;2042;2056;2047;2060;2016;2017
705;2042;2044;2064;2074;2007;2002
706;2044;2048;2109;2082;2016;2003
707;2041;2044;2100;2071;2048;2016
708;2044;2056;2103;2080;2002;2007
709;2043;2044;2108;2085;2003;2016
710;2041;2043;2099;2067;2011;2002
711;2044;2041;2105;2080;2016;2002
712;2045;2043;2108;2095;1996;2004
713;2045;2041;2095;2080;2003;2003
714;2041;2045;2100;2077;1987;2016
715;2041;2043;2101;2098;1995;2001
716;2040;2044;2089;2083;2016;2002
717;2041;2044;2096;2087;1985;1987
718;2042;2056;2099;2112;2000;2003
719;2044;2044;2096;2086;2000;2016
720;2041;2043;2093;2096;1991;1985
721;2044;2045;2104;2089;2016;2002
722;2041;2043;2096;2083;2003;2005
723;2042;2041;2091;2081;2002;1991
724;2043;2046;2096;2080;2000;2016
725;2041;2045;2088;2067;2011;2048
726;2044;2044;2089;2080;2016;2002
727;2043;2043;2096;2087;1996;2008
728;2044;2041;2087;2080;2003;2011
729;2035;2046;2096;2084;1992;2016
730;2041;2043;2100;2098;1999;2000
731;2044;2044;2104;2080;2016;2002
732;2041;2040;2104;2091;1986;1989
733;2044;2056;2103;2112;2000;1999
734;2042;2044;2096;2078;1997;2016
735;2041;2043;2095;2096;1987;1986
736;2044;2044;2105;2096;2016;2000
737;2041;2044;2096;2087;1983;1987
738;2041;2041;2097;2100;1984;1984
739;2041;2044;2104;2099;1983;1983
740;2041;2045;2096;2096;1984;1983
741;2044;2045;2104;2103;1977;1984
742;2041;2043;2100;2112;1983;1995
743;2040;2056;2093;2089;1987;2016
744;2043;2046;2096;2098;1987;1981
745;2041;2047;2097;2112;1984;2000
746;2044;2045;2093;2095;1983;1985
747;2041;2043;2100;2112;1979;1987
748;2036;2041;2099;2097;1984;2016
749;2042;2045;2096;2098;1983;1983
750;2041;2043;2095;2112;1984;1979
751;2044;2044;2105;2103;1982;1987
752;2043;2042;2096;2112;1983;1987
753;2040;2056;2099;2097;1984;1984
754;2040;2044;2100;2099;1987;1989
755;2041;2043;2095;2096;1984;1979
756;2044;2044;2104;2107;1971;1984
757;2029;2042;2109;2112;1971;1987
758;2040;2056;2101;2100;1984;1984
759;2041;2045;2107;2107;1967;1965
760;2056;2043;2113;2113;1984;1971
761;2044;2044;2109;2111;1968;1968
762;2041;2044;2111;2144;1968;1963
763;2042;2041;2119;2117;1960;1984
764;2041;2045;2114;2128;1967;1962
765;2056;2045;2120;2121;1954;1968
766;2044;2044;2136;2127;1954;1960
767;2041;2045;2111;2144;1968;1963
768;2042;2041;2123;2128;1952;1952
769;2043;2044;2132;2131;1951;1949
770;2041;2043;2130;2131;1952;1951
771;2044;2044;2136;2139;1941;1941
772;2043;2041;2144;2144;1938;1943
773;2044;2041;2139;2137;1937;1952
774;2041;2045;2140;2142;1939;1933
775;2041;2043;2149;2149;1952;1938
776;2045;2044;2153;2147;1928;1936
777;2041;2042;2148;2149;1936;1931
778;2040;2056;2155;2155;1919;1952
779;2041;2044;2160;2160;1927;1928
780;2041;2043;2152;2157;1918;1936
781;2041;2044;2169;2167;1920;1919
782;2043;2040;2164;2154;1918;1927
783;2044;2041;2155;2163;1912;1916
784;2045;2044;2166;2167;1923;1917
785;2041;2043;2168;2160;1916;1919
786;2044;2045;2169;2167;1908;1913
787;2041;2042;2168;2168;1907;1923
788;2044;2056;2163;2160;1915;1916
789;2043;2044;2166;2163;1907;1908
790;2041;2045;2176;2173;1907;1907
791;2044;2045;2169;2171;1911;1912
792;2043;2043;2172;2171;1906;1907
793;2041;2056;2179;2180;1904;1907
794;2043;2045;2192;2174;1911;1905
795;2041;2043;2176;2175;1896;1906
796;2044;2044;2185;2183;1896;1907
797;2041;2041;2175;2174;1907;1911
798;2041;2056;2177;2169;1904;1903
799;2040;2044;2176;2170;1911;1919
800;2041;2043;2162;2163;1952;1936
801;2044;2045;2169;2163;1919;1919
802;2041;2044;2160;2154;1919;1931
803;2040;2041;2155;2157;1919;1952
804;2043;2045;2160;2162;1923;1914
805;2041;2045;2168;2161;1913;1936
806;2040;2037;2168;2163;1914;1917
807;2041;2043;2168;2168;1914;1911
808;2042;2056;2171;2165;1912;1915
809;2042;2046;2162;2163;1919;1916
810;2041;2045;2162;2171;1912;1907
811;2044;2044;2169;2171;1911;1917
812;2043;2045;2164;2161;1911;1919
813;2040;2041;2167;2170;1913;1908
814;2042;2044;2174;2170;1911;1912
815;2041;2045;2168;2168;1909;1918
816;2044;2043;2169;2179;1907;1905
817;2041;2044;2175;2173;1907;1911
818;2042;2056;2171;2164;1907;1912
819;2042;2044;2168;2175;1907;1904
820;2041;2043;2177;2175;1903;1906
821;2047;2048;2185;2171;1904;1912
822;2043;2044;2172;2174;1906;1911
823;2044;2041;2177;2181;1905;1900
824;2043;2044;2177;2174;1907;1906
825;2041;2043;2176;2175;1896;1906
826;2044;2044;2184;2191;1900;1897
827;2043;2045;2192;2208;1904;1903
828;2044;2041;2183;2180;1889;1897
829;2042;2044;2192;2194;1899;1893
830;2041;2043;2190;2175;1892;1904
831;2044;2044;2189;2191;1881;1891
832;2043;2042;2208;2208;1904;1895
833;2040;2041;2193;2192;1889;1888
834;2040;2045;2196;2194;1883;1883
835;2041;2045;2200;2200;1888;1886
836;2044;2045;2201;2203;1887;1880
837;2041;2043;2208;2208;1875;1883
838;2040;2056;2201;2198;1880;1888
839;2041;2045;2196;2199;1891;1879
840;2041;2043;2203;2208;1888;1875
841;2044;2044;2205;2203;1875;1888
842;2043;2043;2208;2208;1879;1879
843;2040;2056;2209;2202;1877;1888
844;2040;2046;2224;2206;1875;1881
845;2041;2043;2200;2208;1888;1875
846;2044;2044;2205;2215;1872;1864
847;2041;2043;2224;2240;1872;1875
848;2041;2056;2211;2209;1867;1888
849;2041;2044;2224;2226;1871;1858
850;2041;2043;2221;2217;1888;1872
851;2045;2045;2217;2215;1862;1872
852;2041;2048;2224;2240;1872;1863
853;2041;2056;2221;2215;1865;1888
854;2042;2045;2228;2224;1871;1873
855;2041;2043;2209;2216;1888;1874
856;2044;2044;2217;2215;1868;1872
857;2043;2045;2212;2272;1874;1879
858;2044;2056;2209;2211;1872;1888
859;2042;2044;2224;2207;1875;1872
860;2041;2045;2209;2208;1888;1874
861;2044;2042;2216;2219;1867;1872
862;2043;2042;2224;2240;1874;1871
863;2044;2056;2215;2205;1865;1888
864;2042;2047;2208;2224;1867;1865
865;2041;2045;2217;2219;1888;1872
866;2044;2044;2217;2211;1865;1872
867;2043;2042;2212;2240;1872;1875
868;2040;2041;2213;2218;1873;1888
869;2042;2044;2224;2206;1875;1867
870;2056;2043;2212;2209;1860;1874
871;2044;2048;2217;2223;1872;1872
872;2041;2042;2216;2208;1874;1871
873;2044;2041;2215;2205;1859;1888
874;2041;2044;2224;2224;1875;1872
875;2041;2045;2211;2213;1888;1872
876;2044;2044;2217;2211;1861;1872
877;2043;2043;2212;2240;1872;1883
878;2042;2056;2205;2211;1888;1888
879;2040;2048;2224;2202;1879;1872
880;2041;2045;2206;2208;1888;1904
881;2040;2048;2189;2203;1893;1888
882;2043;2045;2208;2208;1882;1875
883;2044;2041;2207;2197;1865;1888
884;2041;2044;2200;2224;1875;1868
885;2041;2043;2216;2221;1888;1872
886;2044;2043;2217;2211;1863;1872
887;2043;2045;2212;2240;1872;1875
888;2041;2056;2213;2217;1872;1888
889;2043;2046;2224;2224;1871;1869
890;2041;2045;2213;2210;1888;1874
891;2044;2044;2217;2223;1863;1861
892;2041;2043;2224;2240;1872;1871
893;2042;2041;2215;2213;1864;1888
894;2043;2046;2224;2226;1863;1855
895;2041;2047;2225;2224;1856;1872
896;2044;2044;2217;2223;1858;1860
897;2043;2044;2224;2240;1855;1855
898;2041;2056;2233;2222;1856;1888
899;2041;2048;2224;2226;1859;1862
900;2041;2043;2220;2240;1858;1851
901;2044;2042;2233;2227;1855;1856
902;2041;2042;2224;2240;1851;1871
903;2044;2056;2217;2225;1859;1856
904;2043;2044;2231;2226;1871;1853
905;2045;2045;2226;2216;1856;1874
906;2044;2044;2217;2227;1855;1864
907;2041;2045;2228;2240;1874;1859
908;2044;2056;2225;2211;1856;1858
909;2043;2044;2224;2224;1859;1864
910;2041;2043;2222;2240;1888;1872
911;2041;2048;2221;2223;1857;1856
912;2043;2043;2228;2240;1851;1871
913;2032;2056;2217;2228;1861;1888
914;2040;2045;2224;2226;1871;1847
915;2041;2043;2232;2216;1856;1872
916;2044;2048;2217;2227;1852;1865
917;2041;2043;2224;2240;1872;1847
918;2042;2056;2245;2232;1856;1856
919;2043;2044;2229;2226;1843;1851
920;2041;2043;2229;2240;1858;1842
921;2044;2045;2249;2251;1840;1856
922;2043;2044;2236;2240;1842;1847
923;2041;2056;2241;2234;1856;1856
924;2043;2046;2237;2256;1839;1837
925;2041;2043;2241;2240;1856;1842
926;2044;2048;2249;2243;1841;1856
927;2043;2043;2239;2272;1840;1839
928;2041;2056;2235;2239;1840;1856
929;2043;2044;2256;2256;1843;1838
930;2041;2043;2243;2248;1856;1842
931;2044;2044;2249;2243;1838;1856
932;2043;2043;2236;2240;1843;1847
933;2041;2041;2243;2241;1842;1856
934;2042;2044;2256;2234;1843;1848
935;2056;2033;2233;2240;1856;1843
936;2044;2044;2249;2251;1845;1835
937;2043;2044;2239;2240;1842;1851
938;2044;2041;2233;2232;1840;1856
939;2042;2045;2237;2258;1847;1835
940;2041;2043;2248;2208;1856;1842
941;2041;2044;2248;2235;1829;1856
942;2041;2043;2236;2272;1842;1843
943;2042;2041;2247;2243;1856;1856
944;2041;2045;2256;2227;1835;1844
945;2041;2043;2232;2242;1856;1847
946;2044;2048;2237;2247;1854;1841
947;2043;2045;2239;2240;1843;1851
948;2042;2056;2231;2232;1840;1856
949;2042;2044;2228;2256;1863;1851
950;2041;2045;2232;2224;1888;1843
951;2044;2044;2233;2223;1843;1864
952;2041;2043;2224;2240;1851;1863
953;2041;2056;2229;2224;1864;1856
954;2042;2044;2238;2227;1855;1862
955;2041;2043;2216;2240;1856;1872
956;2044;2042;2233;2227;1866;1856
957;2041;2045;2237;2240;1851;1863
958;2040;2056;2217;2219;1856;1856
959;2040;2044;2228;2227;1867;1851
960;2041;2045;2233;2240;1856;1854
961;2044;2045;2232;2223;1850;1856
962;2041;2044;2232;2240;1872;1859
963;2044;2041;2229;2235;1856;1856
964;2042;2045;2226;2226;1859;1847
965;2041;2043;2233;2240;1856;1854
966;2041;2044;2233;2239;1840;1856
967;2041;2043;2232;2240;1855;1855
968;2042;2056;2229;2237;1856;1856
969;2043;2044;2229;2234;1843;1842
970;2041;2043;2234;2240;1856;1854
971;2044;2044;2233;2247;1846;1856
972;2041;2045;2237;2240;1842;1839
973;2044;2041;2243;2225;1856;1856
974;2041;2044;2228;2256;1843;1847
975;2041;2045;2237;2240;1856;1840
976;2044;2044;2249;2235;1843;1856
977;2043;2043;2232;2272;1840;1851
978;2041;2041;2235;2241;1856;1824
979;2042;2044;2257;2256;1855;1845
980;2041;2043;2232;2240;1825;1843
981;2044;2045;2237;2247;1846;1834
982;2043;2043;2239;2272;1843;1843
983;2044;2056;2239;2229;1824;1856
984;2043;2044;2239;2256;1847;1840
985;2041;2043;2248;2256;1856;1842
986;2044;2044;2249;2243;1827;1832
987;2047;2043;2239;2272;1842;1847
988;2044;2056;2241;2253;1841;1856
989;2041;2044;2256;2238;1839;1824
990;2041;2043;2255;2248;1832;1843
991;2044;2045;2237;2255;1834;1840
992;2043;2043;2239;2272;1842;1827
993;2043;2045;2279;2247;1832;1856
994;2040;2044;2236;2256;1835;1835
995;2041;2045;2243;2242;1856;1840
996;2044;2044;2253;2255;1831;1843
997;2041;2045;2238;2272;1840;1839
998;2042;2041;2247;2242;1840;1830
999;2042;2045;2256;2258;1835;1841
1000;2041;2043;2238;2240;1856;1840
1001;2044;2044;2249;2251;1841;1837
1002;2043;2043;2239;2272;1840;1843
1003;2042;2041;2241;2239;1841;1832
1004;2042;2044;2256;2256;1847;1836
1005;2041;2045;2245;2244;1824;1842
1006;2044;2044;2237;2243;1840;1835
1007;2043;2041;2239;2272;1850;1839
1008;2040;2041;2243;2239;1828;1856
1009;2041;2044;2256;2234;1847;1843
1010;2041;2043;2248;2256;1856;1842
1011;2044;2044;2249;2243;1833;1833
1012;2041;2043;2239;2240;1842;1855
1013;2044;2041;2233;2248;1840;1856
1014;2042;2045;2256;2235;1847;1832
1015;2077;2043;2248;2240;1856;1854
1016;2044;2043;2233;2247;1835;1856
1017;2041;2042;2238;2240;1851;1835
1018;2041;2045;2247;2229;1856;1856
1019;2041;2044;2228;2235;1835;1849
1020;2041;2043;2237;2241;1856;1842
1021;2044;2043;2249;2239;1852;1856
1022;2043;2042;2228;2208;1842;1851
1023;2041;2045;2233;2232;1857;1856
